CpG context
===========
position	count methylated	count unmethylated	% methylation	coverage
1	1480473	7080678	17.29	8561151
2	240	1044	18.69	1284
3	300	1653	15.36	1953
4	69147	498337	12.18	567484
5	59593	395987	13.08	455580
6	72936	430571	14.49	503507
7	72039	410088	14.94	482127
8	78258	493474	13.69	571732
9	80193	468639	14.61	548832
10	83538	497188	14.39	580726
11	77425	469595	14.15	547020
12	78085	490086	13.74	568171
13	84757	536278	13.65	621035
14	71069	463843	13.29	534912
15	75655	460729	14.10	536384
16	78806	494196	13.75	573002
17	74434	502474	12.90	576908
18	74707	468185	13.76	542892
19	78232	492601	13.70	570833
20	73019	463548	13.61	536567
21	74857	473793	13.64	548650
22	76223	467176	14.03	543399
23	72384	477578	13.16	549962
24	76204	462336	14.15	538540
25	78063	476071	14.09	554134
26	76753	467454	14.10	544207
27	76212	479877	13.71	556089
28	75947	502381	13.13	578328
29	78432	480832	14.02	559264
30	72607	489370	12.92	561977
31	74512	469273	13.70	543785
32	73945	461372	13.81	535317
33	72706	475111	13.27	547817
34	72533	444615	14.03	517148
35	77432	476711	13.97	554143
36	74310	456689	13.99	530999
37	75091	496174	13.14	571265
38	75379	467647	13.88	543026
39	69886	455120	13.31	525006
40	77389	478185	13.93	555574
41	69866	478774	12.73	548640
42	71260	438308	13.98	509568
43	72598	443132	14.08	515730
44	64863	429119	13.13	493982
45	68296	457186	13.00	525482
46	69031	439009	13.59	508040
47	70981	430387	14.16	501368
48	70696	412725	14.62	483421
49	69246	433351	13.78	502597
50	61524	407936	13.11	469460
51	61871	418797	12.87	480668
52	65971	423595	13.48	489566
53	64905	430495	13.10	495400
54	66966	413558	13.94	480524
55	70631	452145	13.51	522776
56	65399	406583	13.86	471982
57	63119	420981	13.04	484100
58	67499	420721	13.83	488220
59	64596	397373	13.98	461969
60	63557	409561	13.43	473118
61	64057	412713	13.44	476770
62	60633	430053	12.36	490686
63	65565	429156	13.25	494721
64	62344	396659	13.58	459003
65	65300	401058	14.00	466358
66	60513	397016	13.23	457529
67	61605	390969	13.61	452574
68	64373	402049	13.80	466422
69	60951	420473	12.66	481424
70	59404	395082	13.07	454486
71	58972	377913	13.50	436885
72	58774	369846	13.71	428620
73	58651	378766	13.41	437417
74	60237	408935	12.84	469172
75	57664	378921	13.21	436585
76	57857	373183	13.42	431040
77	55003	365220	13.09	420223
78	56979	358924	13.70	415903
79	56328	378957	12.94	435285
80	53245	345759	13.34	399004
81	54911	358307	13.29	413218
82	55000	349525	13.60	404525
83	55535	372503	12.97	428038
84	54671	346714	13.62	401385
85	54767	356080	13.33	410847
86	55220	364741	13.15	419961
87	52985	385368	12.09	438353
88	53092	354672	13.02	407764
89	52214	382170	12.02	434384
90	53921	351639	13.30	405560
91	53325	343762	13.43	397087
92	52798	349627	13.12	402425
93	50643	328516	13.36	379159
94	51192	331097	13.39	382289
95	48921	317158	13.36	366079
96	49768	321516	13.40	371284
97	46878	312667	13.04	359545
98	33228	226480	12.79	259708
99	47209	329135	12.54	376344
100	47463	357319	11.73	404782

CHG context
===========
position	count methylated	count unmethylated	% methylation	coverage
1	29304	121748	19.40	151052
2	23	1133	1.99	1156
3	33	1733	1.87	1766
4	4033	360743	1.11	364776
5	2387	268294	0.88	270681
6	3169	304607	1.03	307776
7	2961	354033	0.83	356994
8	3167	358513	0.88	361680
9	3353	371080	0.90	374433
10	3703	415340	0.88	419043
11	3325	362028	0.91	365353
12	3100	357646	0.86	360746
13	3421	382502	0.89	385923
14	3161	352366	0.89	355527
15	3240	376035	0.85	379275
16	3102	389588	0.79	392690
17	3344	392319	0.85	395663
18	3537	399794	0.88	403331
19	3367	385846	0.87	389213
20	3173	369740	0.85	372913
21	3578	417037	0.85	420615
22	3391	364267	0.92	367658
23	3015	351916	0.85	354931
24	3127	374616	0.83	377743
25	3093	355047	0.86	358140
26	3637	390449	0.92	394086
27	3725	369180	1.00	372905
28	3174	367497	0.86	370671
29	3359	394244	0.84	397603
30	3281	398444	0.82	401725
31	3388	390629	0.86	394017
32	3296	381283	0.86	384579
33	3027	355004	0.85	358031
34	3131	361339	0.86	364470
35	3132	354075	0.88	357207
36	3352	376541	0.88	379893
37	3624	404759	0.89	408383
38	3235	386202	0.83	389437
39	3362	380131	0.88	383493
40	3623	404049	0.89	407672
41	3176	355964	0.88	359140
42	3405	379981	0.89	383386
43	3594	381401	0.93	384995
44	3115	349635	0.88	352750
45	3494	372813	0.93	376307
46	3410	371464	0.91	374874
47	3396	367613	0.92	371009
48	4621	392853	1.16	397474
49	2978	347800	0.85	350778
50	3222	355351	0.90	358573
51	2938	350645	0.83	353583
52	3786	382994	0.98	386780
53	3394	343711	0.98	347105
54	3260	356701	0.91	359961
55	3456	367150	0.93	370606
56	2901	334812	0.86	337713
57	2969	351816	0.84	354785
58	3220	354584	0.90	357804
59	2957	328437	0.89	331394
60	3228	356607	0.90	359835
61	3501	361674	0.96	365175
62	3272	354221	0.92	357493
63	3333	356026	0.93	359359
64	3175	373206	0.84	376381
65	3005	337157	0.88	340162
66	3379	341223	0.98	344602
67	3023	345485	0.87	348508
68	3298	359116	0.91	362414
69	3259	342016	0.94	345275
70	2986	334290	0.89	337276
71	3348	344879	0.96	348227
72	3083	337628	0.90	340711
73	3146	340243	0.92	343389
74	3282	346429	0.94	349711
75	3115	324273	0.95	327388
76	2865	321171	0.88	324036
77	3161	332697	0.94	335858
78	2825	317063	0.88	319888
79	3031	329687	0.91	332718
80	3167	350292	0.90	353459
81	2737	312187	0.87	314924
82	2849	325320	0.87	328169
83	2756	318482	0.86	321238
84	3080	312341	0.98	315421
85	2758	308416	0.89	311174
86	2862	341914	0.83	344776
87	2784	315310	0.88	318094
88	2702	310693	0.86	313395
89	2859	302391	0.94	305250
90	2769	302526	0.91	305295
91	3180	338686	0.93	341866
92	2827	319535	0.88	322362
93	2927	323060	0.90	325987
94	2709	296920	0.90	299629
95	2578	294470	0.87	297048
96	2673	311271	0.85	313944
97	2760	298323	0.92	301083
98	1599	185237	0.86	186836
99	1679	206343	0.81	208022
100	2612	283838	0.91	286450

CHH context
===========
position	count methylated	count unmethylated	% methylation	coverage
1	1757	11000	13.77	12757
2	71	3910	1.78	3981
3	62	5041	1.21	5103
4	12746	1116218	1.13	1128964
5	9116	975874	0.93	984990
6	9981	1080552	0.92	1090533
7	10936	1158598	0.94	1169534
8	10798	1151954	0.93	1162752
9	9782	1070598	0.91	1080380
10	10307	1106444	0.92	1116751
11	10252	1110629	0.91	1120881
12	9576	1067663	0.89	1077239
13	9799	1147696	0.85	1157495
14	10268	1100812	0.92	1111080
15	9923	1096662	0.90	1106585
16	10148	1148547	0.88	1158695
17	9797	1106943	0.88	1116740
18	9930	1086020	0.91	1095950
19	9928	1113448	0.88	1123376
20	9634	1090012	0.88	1099646
21	9353	1092675	0.85	1102028
22	9509	1065292	0.88	1074801
23	9477	1052228	0.89	1061705
24	9536	1059525	0.89	1069061
25	10106	1094424	0.91	1104530
26	10275	1080035	0.94	1090310
27	10745	1066371	1.00	1077116
28	9502	1086658	0.87	1096160
29	9778	1057827	0.92	1067605
30	9696	1093322	0.88	1103018
31	10690	1119024	0.95	1129714
32	9959	1083775	0.91	1093734
33	9600	1069824	0.89	1079424
34	10124	1104914	0.91	1115038
35	9410	1104665	0.84	1114075
36	9754	1110707	0.87	1120461
37	9688	1107227	0.87	1116915
38	9276	1070801	0.86	1080077
39	9194	1072773	0.85	1081967
40	9333	1048206	0.88	1057539
41	9240	1052612	0.87	1061852
42	9497	1099013	0.86	1108510
43	9370	1069951	0.87	1079321
44	9027	1046248	0.86	1055275
45	9229	1043515	0.88	1052744
46	8986	1031234	0.86	1040220
47	8855	1038673	0.85	1047528
48	11937	1057402	1.12	1069339
49	9113	1044422	0.86	1053535
50	8994	1010212	0.88	1019206
51	8977	1071040	0.83	1080017
52	9131	1046703	0.86	1055834
53	9322	979415	0.94	988737
54	8556	1007158	0.84	1015714
55	9067	1009166	0.89	1018233
56	8880	1023442	0.86	1032322
57	9255	1045100	0.88	1054355
58	9514	1025775	0.92	1035289
59	8465	995441	0.84	1003906
60	8400	996186	0.84	1004586
61	9499	1001530	0.94	1011029
62	8421	994925	0.84	1003346
63	8670	995828	0.86	1004498
64	8986	995687	0.89	1004673
65	8607	1019513	0.84	1028120
66	9797	1000960	0.97	1010757
67	8710	1003694	0.86	1012404
68	8713	960997	0.90	969710
69	8225	964480	0.85	972705
70	8746	956229	0.91	964975
71	9048	974896	0.92	983944
72	8215	943654	0.86	951869
73	8442	948910	0.88	957352
74	8114	926897	0.87	935011
75	8295	979167	0.84	987462
76	8615	955216	0.89	963831
77	8315	932149	0.88	940464
78	7821	915652	0.85	923473
79	8206	946797	0.86	955003
80	7917	925938	0.85	933855
81	8099	942861	0.85	950960
82	8011	916984	0.87	924995
83	8364	941181	0.88	949545
84	8767	957400	0.91	966167
85	8676	925952	0.93	934628
86	8028	906897	0.88	914925
87	7536	896255	0.83	903791
88	7608	903387	0.84	910995
89	7593	905017	0.83	912610
90	7599	876433	0.86	884032
91	7729	900288	0.85	908017
92	7499	876192	0.85	883691
93	7402	864213	0.85	871615
94	7736	861966	0.89	869702
95	8074	891381	0.90	899455
96	7557	888234	0.84	895791
97	6934	796426	0.86	803360
98	4751	572077	0.82	576828
99	3849	528130	0.72	531979
100	7640	834459	0.91	842099

