CpG context
===========
position	count methylated	count unmethylated	% methylation	coverage
1	953804	5369271	15.08	6323075
2	526	1407	27.21	1933
3	459	4512	9.23	4971
4	38661	330015	10.49	368676
5	34786	256597	11.94	291383
6	50613	342119	12.89	392732
7	38462	252531	13.22	290993
8	52096	399798	11.53	451894
9	52740	342829	13.33	395569
10	57497	420477	12.03	477974
11	47944	336628	12.47	384572
12	50182	373795	11.84	423977
13	53340	448624	10.63	501964
14	47235	363215	11.51	410450
15	50076	360967	12.18	411043
16	48147	375002	11.38	423149
17	53094	410196	11.46	463290
18	46990	353906	11.72	400896
19	56015	393581	12.46	449596
20	53208	365387	12.71	418595
21	50694	392399	11.44	443093
22	49889	363130	12.08	413019
23	48108	370980	11.48	419088
24	51535	365127	12.37	416662
25	48922	359386	11.98	408308
26	52032	372091	12.27	424123
27	49268	369272	11.77	418540
28	53315	399586	11.77	452901
29	48566	360063	11.89	408629
30	45293	354757	11.32	400050
31	47492	358037	11.71	405529
32	54941	378882	12.66	433823
33	46953	357082	11.62	404035
34	49561	343975	12.59	393536
35	48744	362725	11.85	411469
36	47386	334392	12.41	381778
37	48135	372701	11.44	420836
38	49939	341788	12.75	391727
39	45615	359764	11.25	405379
40	56340	377189	13.00	433529
41	46048	350227	11.62	396275
42	47233	338284	12.25	385517
43	47928	328809	12.72	376737
44	43051	352526	10.88	395577
45	43693	339028	11.42	382721
46	46153	364361	11.24	410514
47	49880	361589	12.12	411469
48	45952	312788	12.81	358740
49	49937	357245	12.26	407182
50	40369	312214	11.45	352583
51	44639	352127	11.25	396766
52	42353	327755	11.44	370108
53	42421	328283	11.44	370704
54	45264	312316	12.66	357580
55	52814	343058	13.34	395872
56	45242	329010	12.09	374252
57	42481	358231	10.60	400712
58	49460	337506	12.78	386966
59	44741	316016	12.40	360757
60	44682	323360	12.14	368042
61	46889	327393	12.53	374282
62	42199	328344	11.39	370543
63	45640	331191	12.11	376831
64	47786	318143	13.06	365929
65	43973	327620	11.83	371593
66	41833	306897	12.00	348730
67	44251	337010	11.61	381261
68	44154	315629	12.27	359783
69	40473	343504	10.54	383977
70	40227	319617	11.18	359844
71	43758	310563	12.35	354321
72	39607	291110	11.98	330717
73	39614	289165	12.05	328779
74	44281	339667	11.53	383948
75	39605	315179	11.16	354784
76	38912	290927	11.80	329839
77	37137	287417	11.44	324554
78	40019	297705	11.85	337724
79	40186	303472	11.69	343658
80	39535	290432	11.98	329967
81	39645	304219	11.53	343864
82	39705	286027	12.19	325732
83	38051	310830	10.91	348881
84	40099	286925	12.26	327024
85	40715	291815	12.24	332530
86	41855	307151	11.99	349006
87	37088	298626	11.05	335714
88	36910	278980	11.68	315890
89	35686	299540	10.65	335226
90	37152	294590	11.20	331742
91	37411	276064	11.93	313475
92	40757	302986	11.86	343743
93	35403	268971	11.63	304374
94	39594	289193	12.04	328787
95	37057	264647	12.28	301704
96	35341	254953	12.17	290294
97	38519	292702	11.63	331221
98	22583	176888	11.32	199471
99	32088	267744	10.70	299832
100	33653	275032	10.90	308685

CHG context
===========
position	count methylated	count unmethylated	% methylation	coverage
1	27082	118370	18.62	145452
2	70	2786	2.45	2856
3	107	4797	2.18	4904
4	2567	211602	1.20	214169
5	1975	191770	1.02	193745
6	2069	200084	1.02	202153
7	2522	236929	1.05	239451
8	2686	265023	1.00	267709
9	2656	256950	1.02	259606
10	3012	298342	1.00	301354
11	2609	268818	0.96	271427
12	2263	253439	0.89	255702
13	2633	290138	0.90	292771
14	2424	268205	0.90	270629
15	2833	301601	0.93	304434
16	2640	290464	0.90	293104
17	2775	299271	0.92	302046
18	2728	291478	0.93	294206
19	2828	302600	0.93	305428
20	2564	267357	0.95	269921
21	2613	279026	0.93	281639
22	3002	272260	1.09	275262
23	2192	256025	0.85	258217
24	2352	283094	0.82	285446
25	2366	261719	0.90	264085
26	2764	278496	0.98	281260
27	2794	261848	1.06	264642
28	2447	267953	0.90	270400
29	2351	278416	0.84	280767
30	2591	290947	0.88	293538
31	2517	291657	0.86	294174
32	2652	289589	0.91	292241
33	2936	318973	0.91	321909
34	2510	261747	0.95	264257
35	2376	253851	0.93	256227
36	2210	259453	0.84	261663
37	2734	301237	0.90	303971
38	2775	313587	0.88	316362
39	2417	280753	0.85	283170
40	2995	317606	0.93	320601
41	2477	274230	0.90	276707
42	2438	274921	0.88	277359
43	2696	297362	0.90	300058
44	2423	282116	0.85	284539
45	2921	276720	1.04	279641
46	2531	273719	0.92	276250
47	2370	272384	0.86	274754
48	3517	293039	1.19	296556
49	2122	250070	0.84	252192
50	2464	262666	0.93	265130
51	2306	256149	0.89	258455
52	2437	289238	0.84	291675
53	2747	273319	1.00	276066
54	2459	263883	0.92	266342
55	2740	280643	0.97	283383
56	2178	251725	0.86	253903
57	2366	262255	0.89	264621
58	2554	260213	0.97	262767
59	2192	239014	0.91	241206
60	2394	256574	0.92	258968
61	2598	268025	0.96	270623
62	2490	269163	0.92	271653
63	2568	271968	0.94	274536
64	2486	281126	0.88	283612
65	2091	246112	0.84	248203
66	2289	246505	0.92	248794
67	2914	299336	0.96	302250
68	2395	260982	0.91	263377
69	2622	260590	1.00	263212
70	2355	253635	0.92	255990
71	2510	263369	0.94	265879
72	2266	243937	0.92	246203
73	2302	263236	0.87	265538
74	2920	278433	1.04	281353
75	2160	232979	0.92	235139
76	2241	246546	0.90	248787
77	2309	251012	0.91	253321
78	1906	227549	0.83	229455
79	2340	257083	0.90	259423
80	2334	251500	0.92	253834
81	2180	231656	0.93	233836
82	2174	246702	0.87	248876
83	2229	250247	0.88	252476
84	3506	278435	1.24	281941
85	2196	248625	0.88	250821
86	2191	251096	0.87	253287
87	2107	241049	0.87	243156
88	2304	243722	0.94	246026
89	2099	227451	0.91	229550
90	2262	226710	0.99	228972
91	3148	286379	1.09	289527
92	2310	236990	0.97	239300
93	2575	260964	0.98	263539
94	2078	224378	0.92	226456
95	1930	223672	0.86	225602
96	2411	264716	0.90	267127
97	2063	219374	0.93	221437
98	1184	150096	0.78	151280
99	1286	153251	0.83	154537
100	2302	227108	1.00	229410

CHH context
===========
position	count methylated	count unmethylated	% methylation	coverage
1	2789	31180	8.21	33969
2	421	12692	3.21	13113
3	437	16363	2.60	16800
4	9470	751507	1.24	760977
5	6846	679833	1.00	686679
6	9350	853916	1.08	863266
7	8727	855314	1.01	864041
8	9395	881035	1.06	890430
9	8451	804079	1.04	812530
10	8380	842031	0.99	850411
11	8158	799705	1.01	807863
12	8274	835714	0.98	843988
13	7851	848544	0.92	856395
14	8303	822686	1.00	830989
15	8314	831089	0.99	839403
16	8694	879083	0.98	887777
17	7971	802419	0.98	810390
18	7908	826850	0.95	834758
19	8028	836711	0.95	844739
20	7693	830427	0.92	838120
21	7611	813185	0.93	820796
22	7970	824138	0.96	832108
23	7933	818389	0.96	826322
24	7389	791697	0.92	799086
25	8171	834118	0.97	842289
26	8333	822284	1.00	830617
27	8408	785823	1.06	794231
28	7382	789103	0.93	796485
29	7784	805713	0.96	813497
30	7925	873467	0.90	881392
31	9543	869136	1.09	878679
32	7918	863508	0.91	871426
33	7701	801366	0.95	809067
34	9645	910585	1.05	920230
35	7624	840705	0.90	848329
36	8269	876878	0.93	885147
37	7360	826149	0.88	833509
38	7772	832250	0.93	840022
39	7581	800038	0.94	807619
40	7151	765773	0.93	772924
41	7015	813608	0.85	820623
42	8063	851849	0.94	859912
43	7123	773386	0.91	780509
44	7333	808719	0.90	816052
45	7248	792975	0.91	800223
46	7068	777397	0.90	784465
47	7000	783954	0.89	790954
48	8753	760403	1.14	769156
49	7196	817062	0.87	824258
50	7237	764508	0.94	771745
51	7183	815046	0.87	822229
52	7758	821372	0.94	829130
53	7248	743577	0.97	750825
54	6610	736031	0.89	742641
55	7343	763093	0.95	770436
56	7354	801123	0.91	808477
57	7061	840408	0.83	847469
58	7393	795962	0.92	803355
59	6605	743075	0.88	749680
60	6588	752364	0.87	758952
61	7706	780352	0.98	788058
62	7065	772678	0.91	779743
63	7033	794293	0.88	801326
64	7131	780146	0.91	787277
65	7080	778961	0.90	786041
66	7126	754665	0.94	761791
67	7063	794664	0.88	801727
68	6645	722883	0.91	729528
69	6623	774724	0.85	781347
70	6643	738566	0.89	745209
71	7133	751495	0.94	758628
72	6652	728935	0.90	735587
73	6696	757039	0.88	763735
74	6712	766986	0.87	773698
75	6507	753284	0.86	759791
76	7397	801754	0.91	809151
77	6850	730941	0.93	737791
78	6334	722513	0.87	728847
79	9081	804822	1.12	813903
80	6738	775205	0.86	781943
81	7257	781712	0.92	788969
82	6391	715698	0.89	722089
83	7014	788372	0.88	795386
84	7187	797461	0.89	804648
85	8285	763966	1.07	772251
86	6472	718148	0.89	724620
87	6433	718209	0.89	724642
88	6671	732411	0.90	739082
89	6397	740493	0.86	746890
90	6152	710202	0.86	716354
91	6502	734762	0.88	741264
92	6053	712067	0.84	718120
93	6279	702827	0.89	709106
94	6165	697964	0.88	704129
95	6719	741140	0.90	747859
96	6190	717537	0.86	723727
97	5848	629390	0.92	635238
98	4545	497106	0.91	501651
99	2981	426494	0.69	429475
100	6984	701780	0.99	708764

