CpG context
===========
position	count methylated	count unmethylated	% methylation	coverage
1	1239351	6357479	16.31	7596830
2	697	2584	21.24	3281
3	612	3665	14.31	4277
4	56510	449301	11.17	505811
5	49395	357645	12.14	407040
6	62949	387710	13.97	450659
7	59961	376813	13.73	436774
8	66126	447922	12.86	514048
9	67505	428567	13.61	496072
10	70037	457338	13.28	527375
11	65351	426216	13.29	491567
12	65627	438807	13.01	504434
13	70979	496484	12.51	567463
14	59221	431740	12.06	490961
15	64449	427255	13.11	491704
16	65273	458190	12.47	523463
17	63099	450620	12.28	513719
18	61980	426722	12.68	488702
19	67292	444763	13.14	512055
20	62538	424334	12.84	486872
21	63296	444636	12.46	507932
22	64175	435802	12.84	499977
23	60030	436149	12.10	496179
24	63834	425567	13.04	489401
25	65134	433908	13.05	499042
26	65398	435340	13.06	500738
27	63590	439894	12.63	503484
28	63984	447389	12.51	511373
29	64292	446911	12.58	511203
30	59673	451690	11.67	511363
31	62136	433945	12.53	496081
32	61854	427558	12.64	489412
33	61039	433994	12.33	495033
34	61349	408400	13.06	469749
35	64708	429215	13.10	493923
36	60934	416930	12.75	477864
37	62499	452013	12.15	514512
38	63834	428032	12.98	491866
39	58653	415371	12.37	474024
40	65846	432244	13.22	498090
41	58691	435126	11.89	493817
42	59008	408343	12.63	467351
43	61472	411447	13.00	472919
44	54572	393572	12.18	448144
45	58089	413699	12.31	471788
46	59287	411991	12.58	471278
47	60248	398280	13.14	458528
48	59844	380210	13.60	440054
49	58314	394991	12.86	453305
50	53249	374986	12.43	428235
51	51903	397226	11.56	449129
52	55360	383976	12.60	439336
53	56194	398651	12.35	454845
54	56253	383061	12.80	439314
55	60499	403233	13.05	463732
56	54509	377091	12.63	431600
57	53973	394580	12.03	448553
58	56910	389764	12.74	446674
59	54613	371189	12.83	425802
60	52464	379821	12.14	432285
61	55073	388285	12.42	443358
62	51994	387251	11.84	439245
63	55396	397705	12.23	453101
64	53004	361692	12.78	414696
65	54667	381065	12.55	435732
66	52081	360782	12.61	412863
67	52184	356097	12.78	408281
68	54456	372631	12.75	427087
69	50767	381340	11.75	432107
70	49651	362130	12.06	411781
71	50107	349514	12.54	399621
72	49498	339874	12.71	389372
73	49649	347906	12.49	397555
74	51211	371980	12.10	423191
75	48795	349010	12.27	397805
76	48456	338973	12.51	387429
77	46691	334830	12.24	381521
78	48305	330372	12.76	378677
79	47934	353974	11.93	401908
80	44683	322616	12.17	367299
81	47084	337949	12.23	385033
82	46814	320165	12.76	366979
83	46966	346981	11.92	393947
84	46397	319786	12.67	366183
85	47143	323648	12.71	370791
86	46748	336447	12.20	383195
87	45019	352737	11.32	397756
88	45709	318111	12.56	363820
89	44139	353519	11.10	397658
90	45960	318834	12.60	364794
91	45563	313353	12.69	358916
92	45024	313094	12.57	358118
93	42408	301065	12.35	343473
94	43772	307800	12.45	351572
95	42022	289391	12.68	331413
96	42208	288605	12.76	330813
97	39933	278233	12.55	318166
98	27900	201244	12.18	229144
99	40666	303348	11.82	344014
100	40877	325489	11.16	366366

CHG context
===========
position	count methylated	count unmethylated	% methylation	coverage
1	28647	123300	18.85	151947
2	48	2741	1.72	2789
3	37	3571	1.03	3608
4	3424	317740	1.07	321164
5	2096	240510	0.86	242606
6	2472	272574	0.90	275046
7	2802	317480	0.87	320282
8	2899	326083	0.88	328982
9	2968	332080	0.89	335048
10	3544	368693	0.95	372237
11	2753	330486	0.83	333239
12	2720	323637	0.83	326357
13	3076	350864	0.87	353940
14	2783	320199	0.86	322982
15	2959	342652	0.86	345611
16	2869	343091	0.83	345960
17	3104	351128	0.88	354232
18	3198	368876	0.86	372074
19	3046	341366	0.88	344412
20	2847	333710	0.85	336557
21	3205	371278	0.86	374483
22	3014	330757	0.90	333771
23	2810	322070	0.86	324880
24	2932	340575	0.85	343507
25	2673	319260	0.83	321933
26	3214	353040	0.90	356254
27	3249	329712	0.98	332961
28	2927	336407	0.86	339334
29	3163	355911	0.88	359074
30	3183	355286	0.89	358469
31	3155	357432	0.87	360587
32	3078	341966	0.89	345044
33	2495	320541	0.77	323036
34	2922	328773	0.88	331695
35	2923	327567	0.88	330490
36	3079	338045	0.90	341124
37	3397	370658	0.91	374055
38	3138	342342	0.91	345480
39	2933	344055	0.85	346988
40	3164	354656	0.88	357820
41	2797	319700	0.87	322497
42	3034	342871	0.88	345905
43	3133	343733	0.90	346866
44	2876	317841	0.90	320717
45	3174	337924	0.93	341098
46	3073	336237	0.91	339310
47	3173	339081	0.93	342254
48	4190	361278	1.15	365468
49	2850	316281	0.89	319131
50	2927	324483	0.89	327410
51	2905	317638	0.91	320543
52	3410	349320	0.97	352730
53	2963	315833	0.93	318796
54	2978	323077	0.91	326055
55	2981	327599	0.90	330580
56	2708	304549	0.88	307257
57	2804	319093	0.87	321897
58	2838	319930	0.88	322768
59	2709	297423	0.90	300132
60	2996	322401	0.92	325397
61	3030	328066	0.92	331096
62	2871	322783	0.88	325654
63	2881	318740	0.90	321621
64	3190	348020	0.91	351210
65	2933	309742	0.94	312675
66	2926	306601	0.95	309527
67	2934	314449	0.92	317383
68	2986	325944	0.91	328930
69	2738	307335	0.88	310073
70	2802	304155	0.91	306957
71	2924	314738	0.92	317662
72	2754	302859	0.90	305613
73	2713	317272	0.85	319985
74	2757	296868	0.92	299625
75	2466	294907	0.83	297373
76	2737	299319	0.91	302056
77	2575	304540	0.84	307115
78	2372	286023	0.82	288395
79	2674	302990	0.87	305664
80	2832	316693	0.89	319525
81	2363	283438	0.83	285801
82	2649	296095	0.89	298744
83	2575	288141	0.89	290716
84	2771	283314	0.97	286085
85	2376	283473	0.83	285849
86	2706	306288	0.88	308994
87	2418	280024	0.86	282442
88	2665	280779	0.94	283444
89	2363	271221	0.86	273584
90	2586	276518	0.93	279104
91	2672	299856	0.88	302528
92	2644	289757	0.90	292401
93	2992	305565	0.97	308557
94	2416	272905	0.88	275321
95	2319	266283	0.86	268602
96	2679	287664	0.92	290343
97	2578	264528	0.97	267106
98	1372	170877	0.80	172249
99	1564	188438	0.82	190002
100	2619	255027	1.02	257646

CHH context
===========
position	count methylated	count unmethylated	% methylation	coverage
1	1938	19346	9.11	21284
2	129	9773	1.30	9902
3	169	11569	1.44	11738
4	11383	987790	1.14	999173
5	8003	854816	0.93	862819
6	9268	970437	0.95	979705
7	9376	1026144	0.91	1035520
8	9641	1041128	0.92	1050769
9	8958	965066	0.92	974024
10	9373	979714	0.95	989087
11	9266	996451	0.92	1005717
12	8973	965096	0.92	974069
13	9002	1017446	0.88	1026448
14	9163	985804	0.92	994967
15	8876	982518	0.90	991394
16	9230	1026157	0.89	1035387
17	8940	991075	0.89	1000015
18	8617	971393	0.88	980010
19	9181	1011507	0.90	1020688
20	9006	988469	0.90	997475
21	8591	982469	0.87	991060
22	9041	962731	0.93	971772
23	8713	950654	0.91	959367
24	8550	954830	0.89	963380
25	8899	975718	0.90	984617
26	9486	972032	0.97	981518
27	9881	955665	1.02	965546
28	8526	986269	0.86	994795
29	8732	953596	0.91	962328
30	8644	994814	0.86	1003458
31	9248	993729	0.92	1002977
32	8805	971691	0.90	980496
33	8348	976301	0.85	984649
34	9135	1008904	0.90	1018039
35	8710	997430	0.87	1006140
36	9214	1005391	0.91	1014605
37	8706	995310	0.87	1004016
38	8550	975534	0.87	984084
39	8536	964644	0.88	973180
40	8096	946160	0.85	954256
41	8253	939456	0.87	947709
42	8811	989691	0.88	998502
43	8658	963528	0.89	972186
44	8200	947466	0.86	955666
45	8146	941538	0.86	949684
46	7898	943645	0.83	951543
47	8188	941254	0.86	949442
48	10303	939603	1.08	949906
49	8611	947971	0.90	956582
50	7877	914160	0.85	922037
51	8075	973700	0.82	981775
52	8551	948076	0.89	956627
53	8625	889175	0.96	897800
54	8104	909104	0.88	917208
55	7912	912485	0.86	920397
56	8075	933854	0.86	941929
57	8408	935836	0.89	944244
58	8627	933047	0.92	941674
59	8082	899069	0.89	907151
60	7737	900376	0.85	908113
61	8290	901159	0.91	909449
62	8134	901161	0.89	909295
63	8256	897819	0.91	906075
64	7872	891950	0.87	899822
65	7804	923827	0.84	931631
66	8594	903450	0.94	912044
67	7965	891528	0.89	899493
68	7826	864595	0.90	872421
69	7871	877134	0.89	885005
70	7560	854557	0.88	862117
71	7844	866368	0.90	874212
72	7361	847977	0.86	855338
73	7716	856857	0.89	864573
74	7451	835288	0.88	842739
75	7410	888244	0.83	895654
76	7909	869949	0.90	877858
77	7814	847001	0.91	854815
78	7124	837029	0.84	844153
79	7237	853843	0.84	861080
80	7180	839703	0.85	846883
81	7592	857236	0.88	864828
82	7036	817418	0.85	824454
83	7717	843448	0.91	851165
84	7607	858717	0.88	866324
85	7763	831165	0.93	838928
86	7015	820644	0.85	827659
87	7173	804951	0.88	812124
88	7193	820786	0.87	827979
89	7199	825661	0.86	832860
90	7118	787776	0.90	794894
91	7134	822633	0.86	829767
92	7009	793012	0.88	800021
93	6952	786135	0.88	793087
94	6889	777380	0.88	784269
95	7191	803781	0.89	810972
96	6822	791517	0.85	798339
97	6788	706122	0.95	712910
98	4338	510587	0.84	514925
99	3347	475778	0.70	479125
100	7064	753252	0.93	760316

